1
3
5
7
9
11
14
15
16
17
19
21
23
24
25
26
27
28
29
30
31
32
33
34
35
39
40
41
42
49
51
52
54
58
61
62
64
66
71
72
77
78
79
81
82
84
85
90
93
94
95
96
97
98
101
102
103
104
105
107
109
110
111
112
113
114
115
116
117
119
120
121
122
123
124
126
127
128
129
130
131
132
133
134
135
136
137
138
139
140
141
142
146
147
148
149
150
153
154
155
156
157
158
159
160
161
162
167
169
170
171
172
173
175
178
179
180
181
182
185
186
188
189
190
194
197
202
206
207
209
210
211
212
223
225
226
232
233
234
235
236
238
239
240
241
242
243
246
247
251
254
255
256
257
258
259
262
263
264
265
266
268
269
270
271
274
275
276
278
280
284
285
286
291
292
293
296
297
298
299
301
302
305
306
310
311
313
316
322
324
326
330
331
332
334
336
337
339
340
341
342
343
345
347
351
353
359
360
361
364
367
369
371
372
375
377
378
380
383
384
386
392
393
394
395
400
402
403
404
407
408
411
412
416
418
424
429
430
433
435
436
437
441
447
451
452
453
457
466
468
470
471
474
477
485
486
488
491
493
494
496
497
498
500
501
502
504
509
510
512
513
515
517
518
519
520
521
524
526
527
530
534
535
538
540
541
542
544
545
548
551
552
554
561
565
568
569
570
572
576
578
581
582
583
584
587
590
591
593
595
596
597
598
600
601
602
604
610
611
612
613
614
615
617
618
619
621
623
624
625
626
627
629
631
636
637
639
640
643
644
645
648
649
650
651
653
658
660
662
667
672
673
675
676
679
680
681
686
689
690
698
699
700
701
702
704
705
706
708
713
718
720
722
724
725
729
735
736
737
738
741
743
744
746
748
751
753
756
758
760
761
762
769
770
772
774
779
781
783
784
785
789
790
791
792
795
797
799
803
805
806
807
810
814
816
817
818
820
824
833
835
838
840
844
845
846
848
851
853
855
856
858
861
863
865
866
867
870
872
873
874
875
878
886
887
890
891
897
900
902
903
908
914
917
918
920
924
925
927
929
936
937
939
941
943
949
950
951
953
954
955
956
957
958
959
961
964
965
967
968
969
971
973
974
976
978
981
983
986
988
989
991
996
1002
1004
1005
1008
1009
1012
1014
1016
1019
1020
1023
1026
1028
1029
1030
1033
1034
1035
1037
1038
1040
1041
1042
1043
1044
1045
1052
1055
1056
1058
1062
1063
1066
1067
1068
1069
1071
1073
1074
1075
1077
1078
1079
1081
1082
1083
1084
1085
1087
1088
1090
1094
1096
1102
1105
1107
1109
1113
1117
1118
1119
1122
1124
1125
1127
1128
1129
1130
1132
1133
1135
1137
1138
1139
1141
1146
1154
1156
1159
1161
1163
1164
1168
1169
1171
1173
1174
1176
1177
1178
1182
1184
1185
1189
1190
1191
1196
1197
1199
1201
1202
1204
1205
1207
1208
1213
1214
1215
1216
1218
1220
1222
1223
1225
1226
1227
1231
1233
1234
1236
1238
1245
1252
1253
1255
1259
1260
1261
1262
1269
1270
1271
1272
1273
1274
1275
1276
1279
1283
1286
1290
1291
1292
1295
1296
1297
1298
1299
1300
1302
1305
1306
1308
1309
1310
1312
1313
1315
1316
1317
1319
1320
1322
1323
1324
1326
1327
1330
1339
1340
1341
1342
1350
1351
1353
1354
1355
1358
1359
1361
1363
1366
1372
1375
1376
1377
1379
1380
1381
1382
1384
1385
1386
1389
1390
1394
1396
1397
1398
1399
1401
1405
1407
1409
1410
1412
1414
1415
1417
1418
1419
1420
1426
1427
1429
1430
1431
1437
1440
1443
1444
1445
1447
1448
1450
1451
1453
1456
1457
1458
1461
1462
1463
1464
1465
1469
1470
1471
1473
1476
1479
1480
1481
1483
1485
1486
1488
1489
1490
1491
1492
1493
1495
1496
1498
1499
1500
1501
1502
1503
1504
1505
1506
1508
1509
1510
1511
1512
1514
1515
1517
1519
1520
1521
1522
1525
1526
1531
1533
1535
1537
1539
1542
1543
1544
1545
1546
1553
1556
1560
1561
1565
1566
1571
1572
1573
1574
1575
1576
1577
1579
1581
1584
1585
1586
1587
1588
1589
1591
1592
1593
1595
1596
1600
1601
1602
1603
1604
1605
1606
1608
1609
1610
1613
1615
1620
1621
1624
1630
1631
1632
1634
1635
1638
1639
1641
1644
1648
1649
1650
1651
1654
1655
1656
1658
1659
1660
1662
1663
1664
1670
1671
1674
1677
1682
1684
1686
1688
1690
1692
1695
1696
1699
1703
1710
1712
1713
1715
1718
1723
1724
1729
1732
1737
1738
1744
1747
1748
1752
1753
1754
1762
1764
1765
1766
1767
1769
1772
1773
1774
1775
1781
1782
1783
1784
1785
1786
1787
1789
1790
1791
1792
1793
1794
1795
1796
1797
1798
1803
1804
1805
1806
1808
1809
1810
1811
1812
1813
1816
1820
1821
1824
1825
1828
1829
1831
1832
1834
1836
1840
1843
1845
1846
1848
1849
1852
1853
1854
1857
1858
1859
1860
1861
1864
1867
1870
1871
1872
1876
1877
1878
1879
1884
1885
1886
1887
1888
1889
1890
1891
1894
1896
1897
1898
1899
1900
1901
1902
1903
1904
1905
1908
1913
1917
1918
1919
1920
1921
1922
1923
1925
1927
1930
1931
1932
1933
1934
1935
1936
1938
1939
1942
1944
1945
1946
1947
1948
1951
1952
1953
1955
1956
1957
1958
1959
1960
1961
1962
1963
1965
1966
1967
1968
1969
1970
1972
1974
1976
1977
1978
1979
1980
1984
1986
1987
1990
1993
1996
1997
2000
2003
2004
2007
2009
2010
2016
2018
2019
2020
2021
2022
2023
2024
2025
2027
2028
2031
2032
2033
2035
2036
2037
2040
2043
2044
2045
2046
2047
2048
2050
2054
2056
2058
2060
2061
2062
2063
2066
2069
2070
2073
2074
2077
2079
2081
2086
2096
2097
2100
2102
2108
2109
2110
2114
2115
2116
2125
2127
2129
2130
2135
2136
2140
2141
2145
2148
2154
2155
2157
2158
2160
2162
2163
2164
2165
2166
2167
2168
2171
2172
2174
2175
2178
2179
2184
2185
2190
2191
2192
2193
2194
2196
2198
2199
2200
2202
2203
2204
2205
2206
2207
2208
2209
2211
2212
2214
2217
2218
2219
2220
2221
2224
2226
2230
2231
2232
2236
2237
2242
2243
2245
2246
2253
2255
2256
2257
2260
2261
2262
2264
2265
2266
2268
2269
2271
2272
2273
2274
2277
2278
2279
2281
2282
2283
2284
2285
2286
2288
2292
2293
2294
2295
2299
2300
2304
2305
2312
2314
2315
2316
2320
2321
2322
2325
2327
2328
2329
2330
2331
2333
2334
2335
2337
2339
2340
2341
2343
2346
2347
2350
2351
2352
2353
2354
2356
2358
2359
2360
2362
2368
2369
2370
2371
2373
2374
2375
2378
2383
2384
2386
2387
2388
2389
2392
2393
2395
2396
2402
2403
2404
2405
2406
2410
2412
2413
2415
2416
2425
2428
2429
2433
2434
2435
2436
2437
2438
2439
2441
2445
2446
2448
2454
2455
2456
2457
2459
2460
2461
2462
2463
2464
2465
2466
2467
2468
2469
2476
2477
2479
2480
2481
2482
2483
2484
2492
2494
2496
2498
2499
2500
2505
2508
2510
2511
2513
2516
2517
2519
2521
2522
2523
2526
2530
2531
2532
2534
2535
2536
2538
2539
2540
2541
2542
2543
2544
2546
2547
2549
2551
2552
2554
2555
2558
2561
2562
2563
2564
2565
2569
2570
2571
2575
2576
2579
2583
2590
2592
2593
2594
2600
2602
2603
2605
2610
2611
2615
2616
2617
2618
2619
2620
2624
2625
2628
2629
2630
2631
2633
2634
2635
2639
2640
2641
2642
2643
2647
2648
2649
2650
2652
2653
2660
2664
2665
2667
2668
2673
2674
2675
2677
2684
2685
2687
2688
2690
2691
2692
2695
2696
2698
2700
2703
2705
2706
2711
2712
2713
2715
2716
2717
2720
2721
2722
2723
2727
2729
2730
2731
2737
2738
2740
2742
2743
2744
2745
2746
2747
2749
2752
2753
2754
2756
2757
2760
2762
2763
2766
2767
2768
2769
2770
2772
2774
2776
2777
2778
2780
2783
2789
2790
2791
2792
2794
2796
2797
2798
2799
2800
2801
2802
2803
2804
2805
2807
2808
2809
2811
2813
2814
2816
2817
2819
2820
2821
2822
2823
2824
2825
2826
2829
2830
2831
2832
2833
2834
2836
2837
2838
2839
2842
2844
2847
2848
2849
2850
2852
2853
2854
2856
2857
2858
2860
2863
2865
2868
2870
2871
2872
2874
2875
2876
2877
2878
2879
2880
2883
2884
2885
2886
2887
2888
2889
2890
2892
2893
2894
2895
2896
2897
2899
2900
2906
2908
2909
2910
2911
2915
2917
2918
2919
2921
2922
2923
2925
2926
2927
2929
2930
2931
2932
2935
2936
2937
2938
2939
2940
2941
2943
2946
2947
2948
2953
2956
2959
2960
2961
2963
2964
2965
2967
2968
2969
2970
2971
2972
2973
2975
2976
2978
2979
2980
2983
2985
2987
2989
2990
2993
2994
2995
2998
3003
3004
3006
3012
3013
3014
3016
3017
3018
3019
3022
3023
3025
3026
3027
3028
3032
3033
3035
3036
3038
3041
3044
3046
3047
3048
3052
3053
3054
3055
3056
3060
3062
3063
3064
3065
3066
3067
3070
3072
3073
3075
3076
3077
3082
3083
3084
3087
3092
3093
3096
3097
3098
3099
3101
3104
3105
3106
3107
3111
3113
3115
3118
3119
3122
3123
3126
3128
3129
3133
3136
3139
3140
3141
3143
3144
3147
3148
3149
3150
3151
3152
3153
3156
3159
3161
3164
3165
3170
3171
3172
3173
3174
3177
3178
3180
3181
3182
3186
3189
3192
3193
3195
3196
3201
3202
3204
3205
3207
3209
3210
3214
3216
3217
3218
3219
3220
3223
3224
3226
3227
3229
3232
3234
3238
3242
3250
3253
3254
3255
3256
3259
3262
3265
3267
3268
3270
3271
3274
3277
3278
3280
3281
3282
3285
3288
3289
3291
3294
3295
3298
3300
3301
3304
3305
3306
3309
3310
3311
3312
3313
3315
3317
3318
3319
3321
3322
3323
3324
3326
3327
3328
3330
3332
3334
3335
3336
3337
3342
3343
3345
3348
3351
3352
3355
3357
3358
3361
3362
3363
3364
3365
3368
3369
3375
3378
3379
3383
3384
3386
3387
3389
3390
3392
3394
3397
3398
3399
3401
3407
3411
3417
3424
3427
3428
3430
3432
3435
3440
3443
3444
3446
3449
3451
3454
3459
3464
3466
3467
3468
3471
3472
3473
3474
3475
3478
3482
3485
3486
3487
3488
3491
3495
3496
3498
3499
3502
3508
3509
3511
3513
3515
3517
3519
3526
3527
3528
3530
3531
3532
3533
3534
3535
3539
3540
3544
3545
3547
3550
3551
3552
3554
3556
3557
3560
3563
3564
3565
3566
3567
3569
3571
3575
3576
3578
3580
3581
3585
3590
3591
3592
3599
3601
3607
3608
3610
3613
3617
3618
3619
3625
3626
3627
3628
3629
3630
3631
3632
3633
3634
3635
3636
3640
3642
3643
3644
3650
3651
3653
3654
3655
3658
3659
3661
3662
3663
3669
3670
3671
3672
3675
3676
3678
3681
3682
3684
3685
3691
3692
3694
3697
3698
3699
3700
3701
3704
3705
3709
3712
3714
3719
3721
3723
3726
3727
3728
3730
3731
3732
3734
3735
3738
3739
3741
3743
3744
3745
3746
3747
3748
3750
3751
3763
3765
3766
3768
3772
3773
3774
3777
3778
3779
3780
3781
3782
3783
3785
3786
3787
3788
3792
3793
3794
3795
3797
3802
3804
3805
3807
3808
3813
3819
3820
3826
3827
3828
3829
3833
3834
3837
3839
3840
3841
3842
3843
3845
3848
3849
3850
3851
3852
3854
3858
3859
3862
3867
3870
3871
3872
3873
3875
3876
3879
3880
3883
3884
3885
3887
3888
3890
3891
3893
3894
3897
3899
3901
3908
3909
3913
3915
3918
3921
3922
3923
3930
3941
3943
3946
3947
3948
3950
3951
3952
3953
3954
3955
3958
3961
3963
3967
3971
3976
3978
3980
3982
3983
3987
3995
3996
3998
3999
4000
4006
4008
4010
4011
4013
4014
4017
4018
4019
4020
4022
4024
4027
4040
4041
4042
4044
4046
4048
4049
4050
4052
4056
4057
4058
4061
4062
4063
4065
4067
4068
4069
4072
4077
4081
4083
4084
4085
4086
4087
4088
4089
4092
4093
4094
4097
4098
4100
4101
4102
4106
4107
4108
4109
4111
4112
4113
4114
4115
4116
4118
4121
4124
4125
4128
4129
4135
4138
4141
4142
4143
4145
4146
4147
4148
4149
4151
4153
4155
4156
4157
4158
4160
4161
4163
4168
4169
4174
4177
4179
4183
4184
4185
4189
4191
4192
4193
4194
4195
4196
4199
4200
4202
4203
4204
4205
4206
4207
4211
4212
4213
4215
4216
4218
4220
4221
4222
4223
4228
4230
4232
4233
4234
4236
4237
4240
4241
4245
4246
4247
4251
4254
4256
4257
4258
4266
4272
4273
4274
4275
4276
4278
4279
4282
4284
4289
4290
4291
4293
4295
4296
4298
4301
4302
4304
4307
4308
4309
4310
4311
4313
4318
4320
4322
4326
4328
4332
4333
4334
4335
4339
4340
4342
4344
4350
4353
4358
4369
4373
4374
4381
4384
4388
4389
4391
4393
4394
4396
4397
4399
4404
4405
4406
4408
4409
4410
4411
4412
4413
4414
4415
4419
4420
4423
4427
4428
4430
4431
4435
4436
4437
4438
4439
4440
4441
4443
4445
4447
4448
4450
4452
4453
4456
4458
4460
4461
4462
4464
4466
4467
4471
4472
4475
4476
4477
4478
4480
4482
4485
4487
4490
4491
4493
4495
4497
4498
4499
4501
4503
4504
4505
4506
4507
4509
4511
4517
4520
4521
4523
4525
4527
4528
4530
4542
4543
4550
4555
4557
4559
4561
4562
4563
4564
4565
4566
4570
4571
4572
4574
4575
4578
4579
4580
4585
4589
4591
4597
4598
4605
4606
4608
4621
4624
4625
4627
4630
4632
4633
4634
4636
4638
4644
4646
4649
4651
4652
4655
4656
4658
4659
4660
4661
4662
4663
4664
4665
4666
4667
4668
4669
4670
4671
4672
4673
4674
4675
4676
4677
4678
4680
4682
4686
4693
4695
4698
4699
4700
4702
4705
4707
4709
4710
4713
4715
4716
4720
4723
4724
4725
4728
4729
4730
4731
4733
4734
4735
4737
4738
4739
4740
4744
4745
4746
4751
4753
4754
4755
4759
4760
4762
4764
4765
4767
4768
4771
4772
4776
4780
4782
4784
4785
4786
4787
4788
4789
4791
4792
4793
4794
4796
4797
4798
4799
4800
4801
4804
4805
4806
4807
4810
4811
4812
4813
4818
4820
4821
4822
4823
4827
4828
4829
4835
4836
4837
4838
4839
4841
4842
4845
4848
4849
4850
4852
4853
4854
4856
4859
4861
4862
4868
4869
4872
4873
4874
4875
4879
4880
4881
4883
4886
4889
4890
4891
4893
4894
4895
4896
4902
4903
4904
4905
4906
4907
4908
4909
4910
4911
4912
4913
4914
4916
4917
4921
4923
4924
4925
4926
4927
4928
4931
4933
4935
4936
4937
4938
4940
4941
4942
4944
4945
4956
4957
4959
4961
4962
4965
4967
4969
4970
4971
4975
4976
4982
4984
4985
4988
4989
4991
4992
4993
4997
4998
4999
5000
5001
5002
5003
5004
5005
5008
5009
5012
5013
5014
5015
5017
5018
5020
5022
5023
5027
5028
5029
5030
5031
5032
5033
5036
5038
5039
5040
5041
5043
5044
5051
5055
5057
5060
5061
5062
5063
5066
5067
5069
5072
5073
5074
5075
5076
5077
5078
5079
5081
5082
5083
5086
5087
5090
5092
5093
5094
5095
5096
5097
5098
5101
5102
5103
5106
5107
5110
5111
5113
5119
5124
5125
5128
5129
5130
5131
5132
5133
5136
5137
5138
5139
5140
5141
5142
5143
5144
5146
5148
5149
5151
5152
5153
5154
5155
5158
5159
5160
5161
5163
5164
5165
5166
5167
5169
5170
5171
5172
5173
5174
5176
5177
5178
5179
5181
5182
5184
5185
5186
5187
5188
5189
5190
5191
5192
5193
5194
5195
5196
5197
5198
5199
5200
5201
5203
5204
5205
5206
5211
5212
5213
5215
5216
5217
5218
5219
5220
5221
5222
5223
5224
5225
5226
5227
5228
5229
5231
5233
5235
5236
5237
5238
5239
5240
5241
5242
5243
5244
5245
5247
5248
5249
5250
5251
5252
5253
5254
5255
5256
5257
5258
5260
5261
5263
5264
5265
5266
5268
5269
5273
5274
5275
5276
5277
5278
5279
5281
5282
5283
5284
5285
5286
5287
5288
5289
5291
5292
5294
5296
5297
5298
5299
5304
5305
5306
5307
5308
5309
5310
5313
5315
5316
5317
5318
5319
5320
5321
5322
5323
5325
5326
5328
5329
5331
5332
5333
5334
5335
5337
5339
5340
5341
5342
5343
5344
5345
5348
5349
5351
5352
5353
5356
5357
5358
5359
5360
5361
5362
5363
5364
5365
5366
5368
5369
5370
5371
5372
5373
5375
5376
5377
5378
5379
5380
5381
5382
5383
5386
5387
5388
5392
5393
5394
5395
5397
5398
5399
5400
5401
5402
5403
5404
5405
5408
5409
5410
5411
5412
5413
5414
5416
5417
5418
5419
5420
5421
5422
5424
5425
5426
5428
5429
5430
5431
5432
5433
5434
5435
5436
5437
5438
5439
5440
5441
5442
5443
5445
5446
5447
5448
5449
5450
5451
5452
5453
5456
5457
5458
5460
5461
5462
5464
5465
5466
5467
5468
5469
5471
5472
5474
5475
5476
5477
5479
5480
5481
5482
5483
5484
5485
5486
5489
5490
5491
5492
5493
5494
5495
5497
5499
5502
5504
5505
5506
5507
5508
5509
5512
5513
5514
5515
5516
5517
5519
5521
5522
5523
5524
5525
5526
5527
5528
5530
5531
5532
5533
5534
5535
5537
5538
5541
5543
5544
5545
5547
5548
5549
5550
5551
5552
5553
5555
5556
5557
5558
5559
5560
5561
5562
5563
5565
5566
5568
5569
5571
5574
5576
5577
5578
5579
5580
5581
5583
5584
5585
5586
5588
5589
5590
5591
5593
5594
5595
5597
5598
5599
5603
5604
5606
5607
5608
5612
5613
5616
5617
5618
5619
5620
5622
5624
5625
5627
5628
5629
5630
5631
5632
5636
5637
5639
5640
5641
5642
5644
5645
5646
5647
5648
5649
5650
5652
5653
5654
5655
5657
5658
5659
5660
5662
5663
5664
5665
5667
5670
5671
5672
5673
5674
5675
5676
5677
5678
5679
5680
5681
5682
5683
5684
5685
5686
5687
5688
5689
5690
5694
5695
5696
5697
5700
5701
5702
5704
5705
5710
5711
5712
5713
5716
5718
5719
5720
5721
5724
5725
5726
5727
5728
5730
5731
5733
5734
5736
5737
5738
5739
5740
5741
5742
5743
5744
5745
5746
5747
5748
5749
5750
5751
5753
5754
5756
5757
5760
5761
5762
5763
5764
5766
5767
5769
5770
5771
5772
5773
5775
5776
5777
5779
5780
5781
5783
5785
5787
5789
5790
5791
5792
5793
5794
5795
5796
5797
5798
5799
5800
5802
5806
5807
5808
5809
5810
5811
5812
5813
5814
5815
5816
5817
5818
5819
5820
5821
5822
5823
5824
5826
5827
5828
5829
5830
5832
5833
5834
5835
5836
5837
5838
5840
5842
5843
5844
5845
5849
5850
5851
5853
5854
5855
5858
5859
5860
5861
5862
5863
5865
5866
5867
5868
5869
5870
5873
5875
5876
5877
5879
5880
5883
5884
5887
5888
5890
5891
5892
5893
5894
5895
5896
5897
5898
5899
5900
5901
5902
5903
5904
5905
5906
5907
5908
5909
5911
5912
5914
5915
5916
5917
5918
5922
5923
5924
5925
5930
5931
5932
5933
5934
5935
5937
5938
5939
5940
5941
5942
5943
5944
5945
5946
5947
5948
5949
5950
5951
5952
5953
5954
5955
5956
5957
5958
5961
5962
5964
5967
5968
5969
5971
5972
5973
5974
5975
5976
5977
5979
5981
5983
5984
5985
5986
5987
5988
5989
5990
5991
5992
5993
5994
5995
5996
5997
5998
5999
6003
6004
6005
6007
6008
6009
6010
6012
6013
6014
6015
6016
6017
6018
6021
6022
6023
6025
6026
6027
6029
6030
6033
6034
6035
6036
6038
6039
6044
6045
6046
6047
6049
6050
6051
6052
6053
6054
6055
6056
6058
6059
6061
6062
6063
6064
6065
6067
6068
6069
6070
6071
6072
6073
6074
6075
6076
6077
6081
6083
6084
6085
6087
6089
6091
6093
6094
6095
6096
6097
6101
6103
6104
6105
6106
6107
6108
6109
6110
6111
6112
6113
6115
6116
6117
6119
6122
6124
6126
6127
6129
6130
6131
6132
6134
6135
6136
6137
6138
6139
6140
6141
6142
6143
6144
6145
6147
6148
6152
6153
6154
6156
6157
6159
6160
6161
6162
6163
6164
6165
6166
6167
6168
6169
6170
6172
6173
6174
6176
6180
6181
6182
6183
6184
6185
6186
6187
6188
6189
6190
6192
6193
6194
6195
6196
6197
6198
6199
6202
6203
6205
6206
6207
6208
6209
6210
6212
6214
6215
6218
6220
6221
6222
6223
6226
6227
6228
6229
6231
6232
6233
6234
6235
6236
6237
6238
6239
6240
6241
6242
6243
6244
6245
6246
6247
6248
6249
6250
6251
6252
6253
6255
6257
6258
6259
6260
6262
6263
6264
6265
6266
6267
6269
6270
6271
6272
6274
6276
6278
6280
6281
6282
6283
6284
6285
6287
6288
6289
6291
6292
6293
6294
6295
6296
6298
6300
6301
6302
6303
6304
6306
6307
6311
6312
6313
6314
6315
6316
6317
6318
6321
6322
6323
6324
6325
6326
6327
6328
6329
6330
6331
6333
6334
6335
6336
6338
6339
6341
6343
6346
6347
6348
6349
6350
6351
6352
6353
6354
6355
6356
6357
6358
6359
6360
6361
6363
6364
6365
6366
6368
6370
6371
6373
6374
6376
6377
6378
6379
6381
6382
6383
6385
6386
6387
6388
6389
6390
6391
6392
6393
6394
6395
6396
6397
6398
6402
6403
6404
6405
6406
6407
6410
6411
6412
6413
6414
6418
6419
6420
6421
6422
6423
6424
6426
6427
6428
6429
6430
6431
6432
6433
6434
6435
6436
6437
6438
6439
6440
6441
6447
6448
6451
6453
6454
6456
6457
6459
6460
6461
6462
6470
6473
6475
6476
6477
6478
6479
6481
6483
6484
6486
6490
6494
6496
6497
6501
6505
6508
6510
6511
6513
6516
6517
6521
6524
6526
6530
6531
6534
6536
6538
6540
6541
6546
6547
6548
6551
6552
6554
6557
6558
6561
6562
6565
6567
6570
6571
6575
6576
6578
6579
6581
6582
6585
6587
6588
6590
6594
6598
6599
6600
6602
6603
6607
6608
6609
6613
6615
6618
6621
6624
6625
6626
6627
6629
6630
6631
6632
6635
6636
6637
6640
6644
6645
6653
6654
6655
6659
6662
6663
6664
6666
6670
6673
6674
6678
6679
6682
6686
6687
6688
6689
6690
6691
6695
6696
6698
6700
6701
6703
6705
6707
6712
6713
6714
6715
6717
6719
6721
6722
6724
6730
6732
6737
6739
6740
6746
6747
6752
6753
6755
6757
6759
6769
6772
6774
6775
6779
6780
6782
6783
6786
6789
6793
6795
6801
6802
6805
6806
6807
6808
6809
6815
6816
6818
6824
6831
6832
6839
6842
6843
6845
6847
6848
6852
6853
6855
6862
6864
6865
6868
6869
6870
6880
6882
6886
6888
6891
6897
6901
6905
6908
6910
6911
6912
6915
6916
6920
6921
6926
6927
6928
6931
6936
6937
6941
6942
6943
6944
6945
6947
6948
6949
6954
6955
6957
6961
6966
6968
6971
6972
6973
6974
6976
6977
6979
6980
6981
6982
6983
6984
6987
6988
6989
6992
6993
6995
6996
6997
6998
6999
7000
7004
7006
7009
7010
7011
7012
7013
7014
7020
7021
7024
7025
7026
7027
7028
7031
7032
7036
7039
7040
7041
7042
7043
7044
7046
7047
7048
7049
7051
7053
7054
7055
7056
7057
7060
7061
7062
7063
7064
7065
7066
7067
7068
7069
7070
7071
7073
7074
7075
7076
7077
7079
7080
7081
7084
7085
7086
7087
7090
7095
7098
7099
7105
7107
7110
7114
7115
7118
7123
7125
7126
7129
7130
7131
7132
7133
7134
7136
7137
7139
7141
7143
7148
7150
7156
7158
7159
7160
7161
7162
7167
7168
7169
7173
7175
7176
7177
7181
7182
7184
7187
7190
7192
7195
7197
7199
7200
7201
7202
7203
7204
7208
7209
7213
7214
7218
7220
7221
7222
7223
7224
7226
7229
7230
7231
7232
7233
7237
7238
7243
7244
7245
7247
7248
7250
7251
7252
7253
7254
7257
7259
7260
7261
7263
7264
7265
7266
7268
7274
7276
7277
7288
7289
7290
7291
7292
7293
7294
7295
7296
7298
7299
7301
7327
7328
7329
7330
7331
7332
7333
7334
7335
7336
7337
7339
7340
7341
7342
7343
7344
7345
7346
7347
7348
7349
7350
7351
7352
7353
7354
7356
7357
7358
7359
7360
7362
7363
7364
7365
7367
7368
7369
7370
7371
7372
7373
7374
7375
7376
7377
7378
7380
7381
7383
7384
7385
7386
7387
7388
7389
7390
7391
7392
7393
7394
7395
7397
7399
7400
7401
7403
7404
7406
7407
7408
7409
7410
7411
7412
7413
7414
7415
7417
7418
7419
7420
7421
7422
7423
7424
7425
7427
7428
7429
7430
7431
7432
7434
7435
7436
7437
7438
7439
7441
7443
7444
7445
7446
7447
7448
7449
7450
7451
7452
7453
7454
7455
7456
7457
7458
7461
7462
7463
7464
7465
7466
7467
7468
7469
7470
7471
7472
7473
7474
7475
7477
7479
7480
7481
7482
7483
7485
7486
7487
7489
7490
7491
7492
7493
7494
7495
7497
7498
7500
7501
7502
7503
7504
7505
7506
7507
7508
7510
7511
7514
7517
7518
7519
7520
7521
7522
7523
7525
7526
7527
7528
7529
7530
7532
7533
7534
7535
7536
7537
7538
7539
7540
7541
7542
7543
7544
7545
7546
7548
7549
7550
7552
7554
7556
7557
7558
7559
7562
7565
7566
7569
7570
7571
7572
7573
7575
7576
7578
7579
7580
7582
7583
7585
7586
7587
7588
7589
7590
7593
7596
7597
7598
7606
7616
7617
7618
7619
7620
7621
7622
7623
7624
7625
7626
7627
7628
7629
7630
7631
7632
7633
7634
7635
7636
7638
7639
7640
7641
7642
7646
7647
7648
7649
7650
7651
7652
7653
7654
7656
7662
7664
7668
7673
7678
7679
7681
7682
7683
7685
7686
7688
7689
7690
7692
7693
7695
7698
7702
7703
7704
7706
7708
7710
7711
7712
7713
7715
7717
7718
7719
7720
7723
7725
7731
7733
7735
7736
7738
7739
7740
7741
7746
7748
7749
7750
7751
7752
7755
7758
7760
7761
7762
7765
7766
7767
7769
7770
7772
7773
7776
7777
7778
7779
7782
7788
7789
7790
7795
7797
7798
7799
7800
7801
7802
7803
7806
7810
7811
7812
7814
7817
7818
7820
7821
7822
7823
7825
7829
7831
7834
7836
7838
7839
7844
7845
7846
7847
7848
7849
7851
7854
7855
7856
7857
7862
7863
7865
7866
7867
7869
7873
7874
7877
7879
7880
7882
7883
7884
7888
7889
7891
7892
7893
7896
7897
7898
7899
7900
7901
7902
7903
7905
7908
7910
7911
7913
7914
7915
7918
7919
7922
7923
7924
7925
7927
7928
7929
7930
7932
7934
7935
7937
7942
7944
7946
7948
7949
7950
7953
7954
7955
7956
7957
7962
7963
7964
7966
7967
7971
7978
7979
7980
7981
7986
7989
7990
7995
7996
7997
7999
8004
8005
8006
8007
8009
8012
8015
8017
8020
8021
8023
8032
8034
8036
8037
8038
8040
8041
8042
8044
8045
8046
8047
8049
8053
8055
8060
8062
8065
8068
8069
8071
8075
8077
8080
8081
8084
8085
8086
8087
8088
8089
8090
8093
8094
8095
8097
8100
8103
8104
8107
8116
8118
8119
8125
8126
8130
8132
8134
8136
8138
8140
8141
8143
8144
8150
8161
8162
8165
8166
8167
8168
8169
8170
8174
8175
8178
8179
8180
8182
8187
8189
8193
8194
8196
8197
8198
8199
8201
8204
8205
8207
8209
8211
8212
8213
8214
8215
8216
8218
8220
8221
8223
8224
8225
8230
8231
8232
8234
8235
8236
8238
8239
8240
8241
8244
8247
8248
8249
8251
8252
8255
8256
8257
8260
8261
8262
8263
8265
8266
8267
8268
8271
8272
8273
8274
8275
8277
8278
8281
8282
8283
8284
8285
8286
8287
8288
8289
8290
8291
8292
8293
8294
8295
8296
8297
8298
8299
8300
8301
8302
8304
8305
8306
8307
8308
8310
8312
8313
8314
8315
8316
8317
8318
8319
8320
8321
8322
8323
8324
8326
8327
8328
8329
8331
8332
8333
8335
8336
8337
8339
8340
8342
8343
8344
8345
8346
8347
8355
8356
8361
8362
8363
8364
8365
8366
8367
8368
8369
8370
8371
8376
8377
8378
8379
8380
8381
8383
8384
8385
8386
8388
8389
8391
8393
8394
8396
8397
8399
8403
8404
8405
8408
8409
8410
8412
8416
8417
8419
8422
8423
8427
8428
8429
8433
8434
8435
8436
8438
8439
8440
8442
8443
8444
8446
8448
8449
8450
8451
8452
8453
8455
8456
8457
8459
8460
8463
8467
8468
8473
8477
8480
8481
8483
8484
8486
8487
8488
8489
8490
8491
8492
8493
8494
8496
8497
8498
8500
8501
8502
8503
8504
8505
8506
8507
8508
8509
8512
8513
8514
8515
8516
8517
8518
8519
8520
8522
8523
8524
8525
8526
8527
8528
8529
8530
8531
8533
8534
8535
8536
8539
8540
8541
8543
8548
8549
8550
8552
8554
8555
8556
8557
8558
8559
8560
8565
8566
8567
8568
8570
8574
8575
8578
8579
8580
8581
8583
8584
8585
8586
8588
8590
8591
8592
8596
8599
8603
8605
8606
8607
8608
8615
8617
8618
8622
8623
8625
8627
8630
8632
8633
8634
8635
8636
8637
8638
8639
8640
8641
8642
8644
8645
8646
8647
8648
8651
8652
8654
8655
8656
8657
8658
8659
8660
8661
8664
8667
8668
8669
8671
8672
8675
8676
8677
8679
8680
8681
8684
8685
8686
8687
8688
8689
8691
8694
8695
8698
8699
8703
8704
8705
8706
8707
8708
8709
8714
8715
8716
8717
8718
8719
8723
8724
8728
8729
8737
8738
8739
8741
8742
8743
8745
8746
8747
8748
8749
8750
8751
8753
8754
8760
8762
8763
8766
8767
8768
8769
8771
8772
8773
8774
8775
8776
8777
8778
8779
8780
8781
8782
8789
8791
8792
8794
8796
8797
8798
8799
8801
8803
8804
8805
8806
8808
8809
8812
8816
8817
8819
8823
8826
8828
8830
8831
8832
8835
8839
8840
8841
8843
8845
8846
8847
8850
8851
8854
8855
8856
8859
8861
8863
8865
8866
8870
8875
8876
8877
8881
8882
8883
8885
8886
8888
8889
8890
8891
8892
8894
8898
8899
8900
8901
8902
8903
8907
8909
8915
8916
8918
8921
8924
8925
8927
8928
8929
8930
8931
8932
8933
8934
8935
8936
8939
8941
8942
8943
8944
8951
8953
8954
8957
8958
8960
8961
8963
8964
8969
8971
8975
8976
8977
8978
8980
8981
8982
8983
8985
8987
8988
8989
8991
8992
8994
8999
9000
9001
9003
9004
9005
9006
9007
9009
9010
9012
9014
9018
9019
9020
9021
9023
9025
9028
9029
9033
9035
9037
9038
9039
9040
9044
9048
9050
9052
9053
9054
9055
9056
9057
9062
9063
9064
9065
9066
9068
9070
9071
9072
9075
9078
9082
9084
9087
9091
9092
9093
9095
9096
9097
9098
9099
9100
9101
9102
9103
9104
9105
9109
9110
9111
9112
9114
9115
9117
9118
9120
9121
9122
9123
9124
9125
9127
9128
9139
9141
9142
9144
9146
9147
9149
9154
9157
9158
9160
9162
9165
9167
9174
9175
9176
9179
9180
9183
9184
9185
9190
9191
9192
9194
9197
9198
9200
9204
9207
9208
9209
9211
9212
9213
9214
9215
9216
9217
9218
9220
9221
9222
9223
9226
9229
9231
9234
9236
9237
9240
9244
9249
9251
9252
9253
9255
9257
9258
9259
9262
9263
9264
9265
9267
9268
9277
9289
9290
9292
9295
9296
9297
9298
9299
9305
9307
9310
9311
9313
9315
9316
9317
9321
9324
9327
9328
9330
9331
9333
9334
9335
9337
9338
9340
9354
9357
9360
9364
9366
9367
9368
9369
9370
9371
9381
9382
9383
9388
9389
9390
9391
9394
9397
9398
9399
9400
9401
9402
9405
9406
9407
9408
9409
9410
9411
9412
9413
9415
9416
9417
9419
9420
9421
9422
9423
9424
9426
9427
9428
9430
9435
9437
9439
9443
9445
9448
9453
9454
9455
9456
9457
9459
9461
9462
9463
9464
9465
9466
9467
9468
9469
9470
9471
9474
9475
9476
9477
9478
9480
9481
9482
9483
9484
9485
9487
9489
9492
9495
9500
9503
9509
9510
9511
9514
9515
9517
9521
9522
9523
9525
9527
9529
9531
9534
9535
9536
9537
9539
9540
9541
9542
9544
9546
9547
9548
9554
9555
9556
9557
9558
9559
9560
9561
9562
9563
9564
9565
9566
9568
9569
9570
9573
9575
9577
9578
9579
9580
9582
9583
9586
9587
9588
9589
9590
9591
9592
9593
9594
9595
9596
9597
9598
9600
9601
9602
9605
9608
9610
9611
9612
9613
9614
9615
9616
9617
9618
9619
9621
9622
9623
9624
9625
9626
9628
9629
9630
9631
9632
9633
9634
9635
9636
9638
9639
9642
9643
9644
9645
9647
9648
9652
9653
9667
9668
9669
9671
9673
9674
9675
9679
9680
9681
9682
9687
9688
9690
9691
9693
9698
9701
9703
9705
9706
9707
9709
9714
9716
9718
9719
9723
9725
9726
9730
9734
9736
9738
9739
9745
9746
9750
9756
9757
9759
9760
9762
9763
9768
9769
9771
9773
9775
9776
9777
9787
9789
9790
9791
9792
9794
9795
9796
9798
9799
9800
9802
9804
9809
9815
9818
9819
9820
9821
9824
9826
9828
9838
9842
9845
9851
9853
9855
9857
9859
9865
9868
9873
9875
9877
9879
9882
9888
9891
9892
9894
9896
9900
9910
9911
9913
9919
9922
9929
9935
9939
9941
9943
9946
9948
9949
9963
9969
9984
9985
9987
9993
9995
9998
10001
10004
10005
10006
10008
10011
10014
10016
10017
10018
10019
10020
10021
10022
10023
10024
10026
10027
10028
10029
10037
10038
10039
10040
10041
10042
10043
10044
10046
10048
10050
10051
10052
10053
10055
10056
10057
10058
10059
10060
10062
10063
10064
10065
10066
10067
10068
10070
10071
10072
10073
10074
10076
10077
10078
10079
10080
10081
10082
10083
10084
10085
10086
10087
10091
10092
10095
10096
10097
10098
10099
10100
10101
10102
10103
10106
10107
10108
10109
10111
10112
10114
10115
10117
10119
10120
10123
10124
10125
10126
10127
10128
10132
10133
10134
10135
10136
10137
10138
10139
10141
10143
10144
10145
10146
10147
10149
10152
10154
10155
10156
10158
10159
10160
10161
10163
10164
10165
10166
10168
10170
10171
10173
10175
10176
10177
10181
10182
10183
10184
10185
10190
10191
10192
10193
10194
10196
10197
10198
10201
10203
10204
10206
10207
10209
10210
10215
10216
10217
10219
10220
10221
10222
10223
10224
10227
10228
10229
10230
10232
10233
10235
10236
10237
10238
10239
10241
10244
10245
10246
10247
10248
10250
10251
10253
10254
10255
10256
10257
10258
10259
10261
10262
10263
10264
10265
10266
10267
10268
10269
10270
10271
10272
10273
10276
10278
10279
10281
10282
10285
10288
10290
10291
10294
10295
10298
10299
10301
10304
10306
10307
10310
10311
10313
10314
10316
10317
10318
10319
10320
10321
10322
10326
10330
10333
10334
10335
10336
10337
10341
10342
10343
10345
10346
10347
10348
10349
10350
10351
10354
10356
10358
10359
10362
10365
10371
10372
10378
10379
10380
10382
10384
10385
10386
10388
10390
10391
10392
10396
10397
10398
10402
10404
10405
10408
10411
10413
10415
10418
10420
10421
10425
10428
10430
10433
10435
10436
10439
10440
10441
10442
10443
10445
10446
10448
10449
10450
10451
10452
10453
10454
10457
10458
10461
10464
10465
10468
10469
10470
10472
10473
10475
10476
10477
10478
10479
10480
10481
10482
10484
10485
10486
10487
10488
10489
10491
10493
10495
10497
10498
10499
10500
10501
10502
10504
10507
10508
10511
10512
10513
10515
10518
10520
10522
10523
10524
10525
10526
10529
10530
10531
10533
10534
10535
10537
10540
10541
10542
10544
10545
10547
10548
10549
10551
10554
10555
10560
10561
10562
10563
10565
10566
10569
10570
10571
10572
10573
10576
10577
10578
10579
10580
10581
10582
10583
10584
10585
10592
10596
10599
10603
10607
10608
10611
10612
10613
10615
10616
10618
10619
10620
10621
10622
10625
10627
10629
10634
10636
10638
10639
10641
10643
10644
10645
10646
10648
10650
10652
10654
10656
10657
10658
10659
10660
10662
10664
10666
10674
10675
10676
10677
10679
10680
10681
10682
10683
10684
10687
10690
10691
10693
10694
10695
10696
10697
10698
10699
10703
10704
10705
10706
10709
10711
10714
10716
10717
10720
10721
10723
10725
10727
10731
10732
10733
10735
10739
10741
10744
10745
10746
10747
10750
10751
10752
10753
10760
10763
10766
10768
10770
10771
10772
10774
10776
10780
10782
10784
10785
10786
10787
10788
10789
10790
10792
10793
10794
10796
10797
10804
10806
10807
10810
10811
10813
10814
10815
10816
10817
10818
10819
10820
10821
10822
10823
10824
10825
10826
10828
10829
10830
10831
10834
10835
10836
10837
10838
10840
10846
10847
10848
10850
10851
10852
10853
10854
10855
10856
10858
10859
10860
10861
10862
10863
10864
10866
10870
10871
10872
10873
10874
10875
10876
10877
10879
10880
10881
10884
10885
10886
10890
10891
10892
10893
10894
10895
10896
10897
10898
10899
10902
10903
10904
10905
10906
10911
10912
10913
10914
10916
10917
10918
10919
10920
10921
10922
10924
10926
10927
10929
10930
10931
10933
10937
10942
10943
10944
10947
10948
10949
10950
10952
10953
10954
10956
10957
10958
10959
10960
10962
10963
10966
10967
10968
10969
10970
10971
10972
10973
10975
10976
10977
10978
10979
10980
10981
10982
10985
10986
10987
10988
10989
10990
10991
10992
10993
10994
10998
10999
11000
11001
11002
11003
11006
11008
11009
11011
11012
11013
11014
11015
11018
11020
11021
11022
11027
11032
11035
11036
11038
11042
11045
11056
11057
11058
11061
11063
11064
11066
11067
11068
11069
11072
11074
11075
11076
11077
11078
11080
11084
11085
11089
11090
11091
11094
11097
11101
11108
11109
11111
11112
11114
11115
11117
11120
11121
11122
11123
11124
11126
11127
11128
11131
11136
11137
11138
11139
11140
11142
11144
11145
11146
11147
11148
11151
11152
11154
11155
11156
11157
11159
11160
11162
11163
11164
11165
11166
11167
11169
11173
11177
11178
11180
11183
11184
11185
11187
11188
11189
11191
11192
11193
11195
11196
11197
11198
11199
11203
11204
11206
11208
11209
11210
11211
11212
11213
11214
11216
11217
11218
11219
11220
11221
11222
11223
11224
11225
11226
11227
11229
11231
11234
11235
11237
11239
11241
11243
11244
11248
11249
11251
11252
11253
11255
11256
11262
11263
11266
11267
11268
11269
11270
11272
11273
11274
11275
11276
11277
11279
11281
11282
11283
11284
11285
11287
11288
11291
11292
11293
11295
11296
11299
11300
11302
11303
11304
11305
11306
11307
11308
11309
11310
11311
11313
11314
11315
11316
11318
11319
11320
11321
11322
11323
11324
11326
11327
11328
11329
11330
11331
11333
11334
11337
11338
11341
11342
11344
11345
11346
11347
11348
11349
11352
11353
11355
11358
11359
11360
11363
11365
11366
11370
11371
11372
11373
11383
11384
11392
11393
11395
11396
11397
11399
11400
11401
11403
11405
11406
11408
11411
11412
11414
11415
11416
11417
11418
11419
11420
11421
11422
11423
11424
11425
11426
11427
11428
11429
11430
11431
11433
11434
11435
11436
11437
11439
11441
11442
11444
11446
11447
11448
11449
11450
11451
11452
11453
11454
11455
11458
11461
11464
11467
11468
11469
11470
11471
11472
11473
11474
11475
11477
11479
11480
11482
11488
11489
11490
11492
11494
11495
11497
11498
11499
11500
11501
11505
11507
11508
11510
11512
11515
11516
11517
11518
11519
11520
11521
11522
11523
11525
11527
11528
11529
11530
11531
11533
11535
11537
11538
11544
11548
11551
11552
11556
11557
11558
11559
11560
11563
11565
11570
11573
11577
11579
11581
11583
11585
11586
11587
11588
11589
11591
11592
11593
11594
11597
11598
11599
11600
11601
11604
11605
11606
11607
11608
11609
11610
11611
11613
11614
11615
11616
11617
11619
11620
11621
11623
11624
11625
11627
11628
11629
11630
11631
11633
11634
11635
11636
11637
11638
11639
11640
11641
11642
11644
11645
11646
11647
11648
11651
11652
11653
11655
11656
11657
11658
11659
11660
11661
11662
11664
11667
11668
11669
11670
11672
11673
11674
11675
11676
11677
11679
11680
11681
11682
11685
11686
11689
11692
11693
11698
11699
11700
11702
11703
11704
11705
11707
11710
11712
11714
11716
11721
11722
11723
11724
11726
11728
11730
11731
11732
11733
11737
11740
11742
11743
11744
11747
11748
11749
11750
11751
11753
11754
11756
11757
11758
11759
11760
11761
11762
11763
11768
11771
11772
11773
11775
11776
11779
11780
11781
11782
11783
11784
11785
11787
11789
11790
11792
11793
11794
11795
11796
11797
11798
11799
11800
11801
11805
11806
11807
11808
11809
11811
11812
11813
11815
11816
11817
11818
11819
11820
11822
11829
11831
11832
11833
11834
11835
11837
11838
11839
11841
11846
11847
11848
11849
11851
11852
11853
11855
11857
11858
11859
11860
11864
11865
11867
11868
11869
11871
11872
11874
11876
11877
11879
11880
11881
11882
11883
11885
11886
11888
11889
11890
11891
11892
11893
11894
11896
11897
11898
11899
11901
11902
11903
11904
11908
11911
11912
11913
11914
11915
11917
11918
11919
11921
11922
11923
11924
11925
11926
11927
11929
11930
11931
11935
11936
11937
11938
11939
11940
11941
11942
11943
11944
11945
11946
11947
11948
11949
11950
11951
11952
11953
11954
11955
11956
11957
11958
11961
11963
11965
11966
11968
11969
11971
11973
11975
11978
11979
11982
11983
11984
11987
11989
11991
11992
11994
11996
12000
12001
12002
12003
12006
12008
12009
12010
12013
12015
12016
12017
12018
12019
12020
12021
12022
12023
12026
12027
12028
12029
12030
12031
12032
12033
12034
12035
12036
12037
12038
12039
12040
12041
12042
12043
12045
12047
12048
12050
12052
12055
12056
12058
12060
12062
12064
12065
12066
12067
12068
12070
12071
12072
12074
12075
12076
12077
12078
12079
12081
12082
12083
12084
12085
12086
12089
12090
12091
12092
12094
12095
12096
12097
12098
12100
12101
12102
12103
12105
12106
12108
12109
12111
12112
12114
12117
12122
12123
12125
12129
12132
12133
12137
12139
12142
12146
12147
12154
12155
12156
12159
12160
12163
12166
12167
12173
12176
12179
12182
12183
12186
12188
12195
12196
12197
12198
12199
12200
12201
12202
12205
12206
12207
12208
12210
12211
12212
12214
12215
12217
12218
12219
12220
12221
12222
12225
12226
12227
12228
12229
12230
12235
12236
12237
12238
12239
12240
12242
12243
12244
12246
12247
12250
12256
12257
12259
12260
12261
12262
12267
12271
12272
12273
12274
12275
12277
12279
12281
12282
12283
12284
12286
12287
12288
12290
12291
12292
12293
12294
12295
12296
12297
12298
12299
12300
12301
12302
12304
12305
12306
12307
12309
12310
12311
12312
12313
12314
12315
12316
12317
12319
12326
12327
12329
12330
12331
12332
12335
12336
12337
12338
12339
12340
12341
12343
12344
12345
12346
12348
12349
12350
12351
12352
12354
12358
12360
12361
12363
12366
12370
12371
12375
12377
12380
12381
12382
12386
12387
12389
12391
12393
12395
12397
12398
12399
12400
12401
12403
12404
12405
12412
12413
12414
12415
12417
12418
12419
12420
12422
12423
12424
12425
12428
12429
12430
12432
12434
12435
12436
12437
12438
12439
12440
12441
12442
12443
12444
12445
12446
12447
12449
12450
12451
12453
12458
12461
12463
12466
12471
12472
12473
12474
12475
12477
12478
12479
12480
12482
12485
12486
12487
12489
12490
12494
12495
12496
12498
12499
12501
12502
12505
12506
12521
12525
12528
12529
12530
12531
12532
12533
12534
12539
12540
12544
12545
12546
12547
12548
12549
12551
12552
12553
12554
12555
12559
12563
12568
12569
12570
12573
12574
12575
12576
12578
12580
12582
12584
12586
12588
12589
12591
12593
12595
12597
12599
12601
12603
12605
12607
12609
12615
12616
12618
12619
12622
12623
12624
12625
12626
12627
12629
12630
12634
12635
12639
12642
12644
12647
12650
12651
12652
12657
12660
12663
12664
12667
12669
12670
12671
12675
12676
12677
12678
12679
12682
12684
12687
12688
12690
12692
12693
12696
12701
12702
12705
12706
12707
12708
12709
12712
12715
12716
12717
12721
12722
12724
12725
12726
12727
12730
12731
12732
12735
12736
12737
12738
12741
12743
12744
12746
12747
12756
12758
12759
12760
12761
12762
12765
12769
12770
12778
12779
12782
12783
12785
12792
12793
12794
12802
12804
12806
12810
12811
12813
12816
12817
12819
12821
12822
12824
12825
12827
12828
12830
12835
12837
12838
12840
12841
12842
12843
12846
12847
12848
12849
12851
12852
12853
12854
12856
12858
12860
12864
12866
12869
12870
12871
12872
12873
12874
12875
12876
12877
12878
12879
12881
12882
12883
12886
12887
12888
12890
12891
12892
12893
12895
12896
12899
12900
12901
12902
12903
12905
12908
12910
12911
12912
12913
12915
12917
12918
12920
12921
12922
12923
12924
12925
12926
12927
12929
12933
12936
12937
12938
12939
12940
12942
12944
12945
12946
12947
12949
12952
12955
12956
12957
12958
12959
12960
12961
12962
12966
12968
12970
12971
12972
12973
12974
12975
12976
12977
12978
12979
12980
12981
12982
12984
12985
12986
12987
12988
12995
12996
12997
12998
12999
13003
13004
13005
13006
13009
13010
13012
13013
13014
13015
13016
13018
13023
13025
13030
13031
13034
13035
13036
13037
13038
13039
13040
13041
13042
13043
13044
13046
13048
13049
13050
13051
13052
13053
13056
13057
13059
13060
13063
13065
13066
13067
13068
13069
13070
13071
13072
13073
13074
13075
13076
13077
13078
13079
13080
13081
13082
13083
13084
13085
13086
13087
13089
13090
13091
13092
13093
13095
13097
13098
13099
13103
13104
13106
13107
13108
13109
13110
13112
13113
13114
13116
13119
13120
13121
13122
13123
13124
13125
13126
13128
13129
13130
13131
13132
13133
13134
13135
13136
13137
13138
13139
13140
13141
13142
13143
13144
13145
13146
13147
13148
13150
13151
13152
13153
13154
13155
13157
13158
13159
13160
13161
13163
13164
13165
13166
13167
13169
13170
13171
13172
13173
13174
13175
13176
13177
13178
13179
13180
13181
13182
13183
13185
13186
13187
13190
13191
13192
13193
13194
13196
13197
13198
13199
13200
13201
13202
13203
13204
13205
13206
13207
13208
13211
13212
13214
13215
13216
13217
13220
13224
13227
13228
13229
13230
13231
13232
13234
13235
13236
13237
13238
13239
13241
13242
13243
13245
13246
13247
13248
13249
13250
13251
13252
13255
13256
13257
13258
13260
13261
13262
13263
13264
13265
13268
13269
13270
13271
13272
13274
13276
13277
13278
13279
13280
13281
13282
13283
13284
13285
13287
13288
13289
13291
13292
13293
13294
13295
13296
13297
13298
13299
13300
13301
13303
13304
13305
13306
13307
13309
13311
13312
13313
13315
13319
13324
13325
13328
13331
13332
13333
13334
13338
13340
13341
13342
13346
13347
13349
13350
13353
13354
13357
13360
13362
13364
13365
13366
13367
13370
13371
13373
13374
13375
13376
13377
13378
13381
13385
13386
13389
13390
13392
13393
13394
13397
13402
13407
13413
13415
13416
13418
13419
13421
13422
13423
13425
13426
13427
13428
13429
13430
13431
13432
13433
13437
13439
13440
13441
13442
13443
13444
13446
13447
13448
13449
13450
13451
13452
13453
13455
13456
13457
13458
13460
13462
13463
13464
13466
13467
13468
13469
13470
13471
13472
13473
13476
13478
13479
13480
13481
13482
13483
13484
13486
13487
13488
13489
13492
13494
13495
13496
13497
13498
13499
13501
13502
13503
13505
13506
13508
13509
13510
13511
13513
13514
13515
13516
13518
13519
13520
13521
13522
13523
13525
13526
13528
13529
13530
13531
13533
13535
13536
13538
13539
13540
13542
13544
13545
13546
13547
13548
13549
13550
13551
13552
13553
13554
13555
13557
13558
13559
13561
13562
13564
13565
13568
13570
13575
13577
13580
13581
13582
13583
13585
13586
13587
13588
13590
13591
13593
13594
13596
13597
13598
13599
13601
13602
13604
13605
13607
13608
13609
13610
13611
13612
13613
13615
13616
13617
13618
13619
13620
13621
13622
13624
13625
13626
13627
13628
13629
13630
13631
13633
13635
13636
13637
13638
13639
13642
13643
13644
13645
13646
13647
13648
13650
13654
13655
13656
13657
13660
13665
13666
13668
13669
13670
13672
13673
13676
13680
13682
13683
13687
13688
13689
13691
13693
13694
13696
13699
13705
13706
13708
13709
13714
13718
13719
13720
13721
13722
13724
13726
13729
13731
13732
13733
13737
13739
13740
13744
13746
13748
13749
13750
13751
13752
13753
13754
13755
13756
13757
13758
13759
13761
13763
13764
13768
13769
13771
13772
13773
13774
13776
13779
13781
13782
13783
13784
13785
13786
13787
13788
13789
13790
13791
13793
13794
13795
13796
13797
13798
13800
13801
13802
13803
13804
13805
13806
13807
13808
13809
13810
13811
13812
13813
13814
13815
13816
13817
13818
13819
13820
13821
13822
13823
13824
13825
13826
13827
13828
13830
13832
13833
13834
13835
13836
13837
13838
13839
13840
13841
13842
13843
13844
13845
13846
13847
13848
13849
13850
13851
13852
13853
13854
13856
13857
13858
13859
13860
13861
13862
13863
13864
13866
13868
13869
13870
13871
13872
13873
13876
13877
13878
13879
13880
13881
13882
13890
13891
13892
13893
13898
13899
13901
13902
13903
13904
13905
13907
13910
13912
13913
13914
13915
13916
13918
13919
13920
13921
13922
13923
13924
13929
13932
13934
13935
13938
13939
13940
13941
13942
13944
13945
13946
13950
13951
13952
13953
13954
13955
13956
13957
13958
13965
13966
13967
13969
13970
13971
13972
13973
13974
13975
13976
13986
13987
13988
13990
13992
13994
13996
13999
14000
14001
14002
14004
14005
14007
14010
14013
14016
14017
14019
14020
14021
14025
14026
14028
14030
14031
14032
14033
14034
14042
14044
14045
14046
14047
14048
14050
14054
14055
14059
14060
14061
14064
14065
14067
14069
14074
14075
14076
14077
14078
14081
14082
14084
14085
14086
14087
14088
14089
14093
14094
14095
14096
14097
14098
14100
14101
14104
14105
14106
14108
14113
14114
14115
14116
14119
14123
14124
14126
14127
14128
14129
14130
14131
14132
14133
14142
14143
14144
14147
14152
14153
14154
14156
14157
14159
14160
14161
14164
14165
14168
14170
14171
14172
14173
14177
14178
14179
14180
14181
14182
14184
14185
14186
14187
14188
14191
14192
14196
14197
14200
14201
14202
14203
14204
14206
14207
14208
14209
14210
14211
14212
14213
14214
14215
14216
14217
14218
14219
14220
14221
14222
14223
14225
14226
14227
14228
14229
14230
14231
14232
14233
14235
14236
14238
14239
14240
14241
14243
14244
14246
14247
14248
14249
14250
14252
14253
14254
14256
14257
14258
14259
14260
14261
14262
14263
14264
14265
14266
14268
14269
14271
14272
14273
14274
14275
14276
14277
14278
14279
14280
14281
14282
14283
14284
14285
14286
14287
14289
14290
14291
14292
14293
14294
14295
14296
14298
14299
14300
14301
14302
14303
14304
14305
14306
14307
14308
14309
14310
14311
14312
14313
14314
14318
14319
14320
14321
14322
14323
14324
14326
14327
14330
14337
14338
14339
14340
14341
14342
14343
14344
14347
14348
14351
14352
14353
14354
14355
14356
14357
14358
14359
14360
14366
14367
14368
14369
14372
14373
14374
14383
14384
14385
14386
14387
14388
14390
14391
14393
14398
14402
14404
14405
14406
14407
14408
14409
14411
14412
14413
14414
14415
14416
14417
14418
14420
14421
14422
14423
14425
14426
14427
14430
14431
14433
14434
14435
14437
14439
14440
14441
14442
14443
14444
14445
14446
14447
14448
14450
14451
14452
14453
14455
14456
14457
14458
14459
14460
14463
14464
14465
14466
14467
14469
14470
14471
14472
14473
14475
14476
14477
14478
14479
14480
14482
14483
14486
14487
14488
14489
14490
14491
14492
14493
14494
14495
14496
14501
14502
14503
14504
14505
14506
14507
14508
14509
14510
14511
14513
14514
14515
14517
14519
14526
14529
14530
14534
14536
14537
14539
14540
14541
14542
14543
14547
14549
14550
14552
14555
14557
14559
14562
14563
14566
14569
14570
14572
14573
14574
14575
14576
14577
14578
14579
14585
14590
14604
14605
14615
14624
14631
14637
14640
14643
14644
14672
14677
14678
14679
14682
14683
14684
14686
14689
14690
14691
14693
14695
14696
14697
14700
14703
14704
14707
14712
14713
14714
14715
14716
14717
14719
14723
14726
14728
14729
14731
14732
14733
14734
14735
14737
14738
14739
14740
14741
14742
14743
14747
14748
14751
14752
14754
14755
14756
14757
14759
14760
14762
14763
14764
14765
14766
14767
14770
14771
14773
14775
14778
14781
14782
14784
14789
14793
14795
14798
14799
14802
14805
14806
14808
14809
14810
14811
14812
14813
14814
14816
14817
14818
14819
14820
14821
14826
14827
14828
14830
14832
14836
14837
14839
14841
14842
14844
14845
14847
14850
14853
14854
14855
14856
14857
14858
14859
14860
14861
14862
14864
14866
14867
14868
14869
14870
14872
14873
14874
14875
14876
14877
14879
14881
14886
14890
14891
14894
14895
14897
14900
14901
14902
14906
14907
14908
14909
14910
14911
14912
14913
14914
14916
14917
14918
14919
14922
14923
14927
14929
14930
14931
14932
14933
14934
14935
14936
14940
14941
14942
14943
14945
14946
14947
14948
14949
14950
14951
14952
14954
14957
14959
14961
14963
14965
14966
14967
14969
14970
14975
14976
14978
14980
14981
14982
14983
14984
14985
14986
14990
14991
14996
14999
15000
15002
15004
15005
15006
15007
15008
15009
15010
15013
15018
15019
15020
15022
15031
15032
15033
15034
15035
15036
15038
15039
15041
15042
15046
15047
15049
15051
15052
15054
15055
15056
15060
15061
15063
15064
15065
15069
15071
15072
15073
15074
15077
15078
15079
15080
15081
15082
15083
15086
15087
15088
15089
15090
15091
15092
15093
15094
15096
15097
15098
15099
15100
15101
15103
15104
15105
15106
15116
15117
15118
15119
15120
15121
15124
15127
15129
15130
15131
15135
15136
15137
15138
15141
15142
15144
15145
15146
15147
15148
15149
15150
15151
15155
15157
15158
15159
15160
15161
15162
15163
15164
15166
15167
15168
15169
15170
15171
15172
15173
15174
15178
15180
15181
15182
15184
15185
15186
15188
15189
15190
15191
15192
15193
15194
15195
15196
15198
15199
15203
15205
15206
15208
15210
15212
15213
15214
15215
15217
15218
15219
15220
15221
15223
15224
15225
15227
15228
15229
15230
15231
15235
15239
15240
15243
15244
15246
15249
15251
15252
15253
15254
15255
15256
15257
15260
15261
15262
15264
15265
15266
15267
15271
15272
15274
15277
15278
15279
15280
15282
15283
15285
15287
15288
15290
15291
15292
15293
15294
15295
15296
15297
15298
15299
15300
15301
15302
15304
15305
15306
15307
15308
15309
15312
15313
15314
15315
15316
15317
15318
15319
15320
15321
15322
15324
15325
15326
15329
15330
15333
15338
15339
15341
15342
15343
15344
15345
15346
15347
15348
15349
15350
15353
15354
15355
15357
15365
15367
15370
15372
15374
15376
15380
15382
15385
15391
15392
15393
15394
15395
15396
15403
15404
15405
15409
15412
15413
15414
15416
15418
15419
15420
15422
15426
15427
15430
15431
15432
15433
15434
15436
15438
15441
15442
15443
15446
15447
15448
15450
15451
15452
15453
15454
15455
15457
15458
15459
15460
15468
15469
15471
15472
15476
15477
15478
15479
15480
15482
15483
15486
15490
15495
15496
15497
15498
15499
15500
15503
15504
15505
15507
15509
15511
15512
15515
15516
15517
15519
15524
15525
15527
15528
15530
15531
15536
15537
15538
15539
15540
15541
15545
15547
15549
15553
15558
15564
15566
15570
15571
15572
15574
15575
15576
15577
15580
15581
15582
15583
15584
15594
15595
15596
15600
15602
15603
15604
15608
15610
15611
15612
15613
15614
15615
15616
15617
15618
15620
15621
15623
15624
15627
15629
15636
15637
15638
15643
15644
15645
15647
15648
15649
15650
15651
15653
15655
15658
15660
15662
15663
15665
15666
15672
15673
15676
15677
15680
15683
15684
15688
15689
15691
15692
15696
15697
15701
15703
15704
15707
15710
15712
15713
15715
15716
15717
15718
15720
15721
15724
15726
15729
15730
15732
15733
15734
15736
15738
15739
15740
15741
15742
15743
15745
15748
15749
15750
15751
15752
15753
15757
15758
15761
15764
15766
15767
15768
15769
15771
15773
15774
15777
15779
15783
15788
15792
15794
15795
15798
15800
15802
15804
15806
15807
15808
15809
15810
15811
15812
15813
15814
15815
15816
15817
15818
15819
15820
15821
15822
15823
15824
15825
15826
15827
15828
15829
15830
15831
15832
15833
15834
15835
15836
15838
15840
15846
15847
15850
15854
15856
15861
15862
15863
15864
15865
15866
15867
15868
15869
15871
15872
15875
15876
15877
15878
15886
15887
15890
15891
15893
15896
15900
15901
15902
15904
15905
15908
15911
15913
15914
15915
15916
15917
15921
15922
15923
15924
15925
15926
15928
15931
15932
15933
15934
15935
15939
15940
15941
15942
15943
15944
15948
15949
15950
15951
15952
15953
15954
15955
15956
15957
15959
15961
15962
15965
15966
15968
15976
15977
15978
15979
15981
15983
15987
15988
15989
15990
15993
15994
15995
16002
16005
16007
16009
16010
16015
16017
16020
16023
16024
16026
16029
16030
16032
16033
16035
16036
16038
16039
16040
16043
16052
16054
16057
16060
16072
16073
16074
16075
16076
16077
16080
16081
16082
16083
16084
16087
16088
16089
16090
16092
16094
16095
16096
16100
16103
16104
16105
16106
16107
16108
16110
16112
16113
16114
16115
16116
16117
16118
16119
16120
16121
16122
16123
16124
16125
16126
16128
16129
16130
16131
16132
16133
16134
16135
16136
16137
16139
16141
16144
16145
16146
16147
16148
16151
16152
16159
16161
16162
16163
16164
16166
16169
16174
16175
16178
16183
16184
16185
16186
16188
16191
16192
16193
16194
16197
16198
16199
16200
16201
16203
16204
16208
16210
16211
16212
16213
16215
16216
16218
16219
16223
16224
16225
16226
16227
16229
16230
16231
16232
16234
16235
16236
16237
16238
16241
16242
16244
16245
16246
16247
16249
16250
16255
16257
16258
16259
16260
16261
16262
16264
16265
16266
16269
16271
16272
16273
16274
16275
16276
16278
16279
16280
16281
16283
16286
16288
16289
16290
16291
16292
16295
16296
16297
16302
16306
16310
16311
16313
16315
16316
16317
16319
16321
16323
16324
16326
16328
16329
16337
16338
16340
16343
16344
16345
16346
16348
16349
16360
16361
16362
16363
16365
16367
16368
16369
16370
16371
16373
16374
16377
16379
16384
16386
16388
16391
16392
16393
16395
16396
16397
16399
16403
16404
16405
16406
16410
16412
16413
16414
16416
16419
16422
16423
16424
16427
16428
16430
16431
16435
16436
16438
16439
16440
16441
16442
16444
16445
16453
16457
16458
16460
16463
16464
16465
16466
16467
16469
16470
16474
16479
16481
16486
16488
16491
16493
16499
16502
16503
16505
16506
16510
16515
16518
16522
16527
16529
16535
16540
16542
16547
16549
16551
16554
16562
16566
16568
16569
16571
16573
16577
16584
16585
16589
16592
16594
16597
16602
16606
16609
16615
16620
16623
16628
16630
16639
16643
16647
16652
16654
16666
16669
16674
16676
16680
16685
16690
16695
16697
16698
16700
16702
16704
16706
16708
16709
16710
16711
16713
16714
16716
16717
16718
16719
16720
16724
16728
16730
16731
16732
16733
16735
16736
16737
16738
16739
16740
16741
16742
16743
16744
16745
16746
16747
16748
16749
16750
16751
16753
16754
16755
16756
16757
16758
16759
16761
16762
16763
16764
16766
16767
16768
16769
16770
16771
16772
16773
16774
16775
16777
16778
16779
16780
16781
16782
16783
16786
16788
16790
16791
16792
16795
16798
16799
16802
16804
16805
16807
16809
16810
16811
16812
16813
16815
16816
16818
16819
16822
16824
16825
16827
16828
16833
16834
16838
16839
16840
16842
16843
16844
16850
16852
16855
16858
16859
16861
16862
16863
16864
16865
16866
16867
16868
16869
16870
16873
16876
16877
16878
16879
16880
16881
16882
16883
16884
16885
16886
16887
16888
16889
16890
16891
16892
16893
16894
16899
16901
16902
16903
16904
16906
16907
16908
16910
16911
16912
16914
16919
16923
16927
16929
16930
16933
16934
16935
16936
16938
16939
16940
16941
16942
16943
16944
16947
16949
16950
16951
16952
16954
16958
16962
16964
16966
16972
16977
16980
16981
16982
16984
16985
16989
16990
16992
16996
16998
16999
17001
17002
17003
17004
17005
17006
17009
17010
17014
17016
17020
17022
17023
17024
17037
17041
17043
17045
17046
17048
17050
17053
17055
17058
17061
17062
17065
17066
17069
17070
17072
17074
17077
17080
17084
17086
17087
17088
17091
17095
17096
17097
17101
17103
17104
17106
17110
17111
17112
17116
17118
17124
17148
17151
17155
17156
17157
17158
17159
17161
17165
17167
17170
17174
17175
17176
17177
17178
17180
17182
17183
17184
17185
17186
17188
17190
17191
17192
17198
17199
17203
17205
17207
17208
17210
17221
17223
17228
17229
17230
17231
17233
17236
17238
17241
17242
17245
17246
17249
17250
17251
17252
17258
17259
17260
17261
17262
17270
17271
17272
17273
17274
17275
17276
17277
17278
17279
17280
17281
17282
17283
17284
17286
17287
17289
17290
17291
17293
17298
17301
17302
17305
17306
17308
17309
17310
17312
17313
17315
17316
17317
17320
17321
17322
17323
17325
17326
17329
17331
17332
17333
17335
17337
17340
17341
17342
17345
17346
17347
17349
17350
17351
17352
17353
17354
17355
17356
17357
17363
17364
17365
17366
17368
17369
17371
17372
17373
17375
17376
17377
17382
17385
17386
17387
17388
17389
17390
17391
17392
17393
17395
17396
17398
17404
17405
17408
17409
17410
17412
17413
17414
17419
17422
17423
17427
17430
17432
17433
17435
17436
17438
17442
17443
17444
17445
17448
17452
17453
17454
17456
17457
17460
17461
17462
17463
17464
17466
17467
17468
17471
17472
17474
17475
17476
17480
17482
17485
17486
17487
17488
17491
17492
17493
17494
17497
17500
17501
17503
17504
17506
17508
17510
17512
17515
17516
17519
17522
17523
17526
17527
17529
17531
17533
17534
17536
17537
17538
17541
17543
17544
17545
17546
17547
17548
17549
17554
17556
17557
17558
17560
17563
17564
17565
17566
17569
17574
17577
17583
17584
17586
17587
17588
17591
17592
17593
17597
17598
17599
17601
17602
17603
17606
17607
17608
17609
17611
17612
17613
17614
17615
17616
17618
17619
17620
17621
17622
17623
17624
17628
17631
17634
17635
17636
17638
17641
17642
17647
17648
17663
17665
17667
17669
17671
17673
17676
17678
17679
17680
17683
17685
17687
17690
17691
17692
17694
17695
17696
17698
17699
17700
17701
17702
17704
17706
17707
17709
17710
17711
17712
17714
17716
17717
17718
17719
17720
17722
17723
17724
17725
17727
17728
17730
17731
17732
17734
17735
17736
17737
17739
17743
17744
17745
17746
17747
17748
17749
17750
17751
17752
17753
17754
17758
17759
17760
17762
17763
17765
17768
17769
17771
17772
17774
17776
17777
17778
17779
17780
17781
17784
17786
17788
17790
17792
17793
17796
17798
17799
17801
17802
17804
17805
17807
17808
17809
17810
17811
17812
17814
17815
17818
17822
17824
17825
17827
17828
17829
17831
17832
17833
17834
17835
17837
17843
17844
17848
17850
17851
17852
17853
17855
17856
17857
17862
17864
17865
17867
17869
17870
17871
17872
17874
17875
17878
17879
17880
17881
17882
17883
17885
17888
17891
17893
17894
17896
17897
17898
17899
17900
17902
17903
17904
17905
17906
17907
17909
17910
17911
17912
17914
17918
17919
17920
17921
17923
17925
17927
17930
17932
17933
17934
17935
17937
17938
17939
17940
17941
17942
17943
17944
17945
17946
17947
17948
17949
17951
17952
17953
17954
17955
17958
17959
17960
17961
17962
17963
17964
17965
17966
17967
17968
17969
17970
17971
17973
17974
17975
17977
17978
17979
17980
17981
17989
17993
17995
17998
18004
18007
18010
18012
18017
18019
18021
18024
18028
18030
18031
18034
18036
18037
18039
18040
18042
18043
18044
18052
18053
18055
18056
18057
18058
18059
18060
18061
18062
18063
18067
18070
18071
18073
18075
18077
18078
18080
18082
18083
18084
18085
18087
18088
18094
18099
18102
18103
18105
18106
18108
18109
18110
18111
18114
18115
18116
18117
18118
18119
18122
18123
18124
18127
18134
18138
18139
18140
18142
18147
18148
18149
18150
18151
18152
18153
18154
18155
18160
18163
18164
18165
18166
18171
18172
18173
18174
18176
18179
18180
18184
18192
18193
18194
18196
18200
18201
18202
18203
18204
18205
18207
18208
18209
18210
18211
18213
18218
18225
18226
18228
18234
18236
18238
18239
18240
18241
18242
18243
18244
18245
18246
18247
18248
18249
18250
18251
18252
18253
18254
18255
18256
18257
18258
18259
18260
18261
18262
18263
18264
18265
18266
18267
18268
18269
18271
18274
18275
18277
18278
18279
18280
18281
18282
18283
18284
18285
18286
18287
18290
18293
18295
18296
18297
18301
18304
18305
18306
18309
18310
18312
18314
18315
18324
18325
18329
18330
18331
18333
18335
18336
18337
18339
18343
18344
18345
18346
18348
18352
18353
18356
18358
18361
18362
18363
18364
18368
18369
18373
18374
18376
18380
18382
18385
18386
18389
18390
18391
18398
18400
18403
18404
18405
18406
18410
18412
18414
18416
18419
18421
18423
18425
18428
18429
18430
18432
18433
18434
18436
18437
18438
18439
18440
18441
18442
18443
18444
18445
18446
